[Location]
Latitude = 11.048813
Longitude = 76.949837

[Camera]
Number = 5
